853
8 321
224 368
650 324
256 151
521 648
6 4
696 31
465 76
18 56
604 498
159 613
126 251
537 523
489 30
272 374
310 209
275 296
835 720
183 48
155 636
397 197
504 572
147 167
93 24
792 790
202 301
130 108
445 360
24 5
509 304
643 608
529 22
33 19
218 704
180 53
328 732
286 225
394 377
436 674
289 67
440 259
79 53
582 656
227 103
442 774
798 813
194 168
488 720
587 183
125 148
491 701
22 123
76 45
614 34
840 249
44 38
265 178
346 610
386 129
62 266
41 58
5 7
133 186
150 223
193 430
459 661
819 541
278 468
105 607
64 119
29 616
25 83
514 121
679 20
5 276
483 245
288 354
591 337
271 532
506 194
196 828
341 307
471 83
206 579
717 33
733 20
15 142
740 396
91 66
357 801
435 512
218 228
5 37
446 644
196 56
213 287
760 328
42 18
312 827
103 19
127 426
485 433
729 533
76 767
157 417
193 128
42 472
773 685
324 852
426 799
303 124
146 547
472 749
402 234
689 448
169 44
468 565
414 122
795 240
88 254
195 162
151 272
35 363
41 163
96 769
657 500
437 470
447 311
771 761
132 594
841 298
36 4
639 695
602 617
713 168
456 47
847 411
647 515
742 135
489 503
122 2
307 637
419 600
208 22
53 64
575 216
479 719
306 566
175 754
203 48
206 5
70 54
83 139
666 438
225 141
16 50
745 344
6 318
58 156
476 148
81 62
688 438
22 332
281 98
99 201
109 153
339 496
331 748
370 254
400 83
737 47
10 853
143 428
124 528
766 282
342 269
626 210
735 432
26 68
342 539
570 535
775 29
24 60
34 20
573 677
15 173
335 231
139 197
229 519
451 322
7 28
221 299
479 8
159 527
92 41
290 690
294 85
599 834
714 728
438 139
442 97
249 181
122 343
214 30
460 33
520 483
540 314
403 291
181 200
4 18
90 398
80 30
124 23
48 174
105 192
602 401
127 89
167 725
564 254
93 640
133 621
229 446
362 24
393 491
16 35
58 373
375 154
236 258
3 8
274 146
263 94
92 205
291 345
530 843
503 584
77 45
26 90
143 139
794 804
235 196
5 1
762 117
810 80
43 20
790 114
344 161
384 191
164 219
106 259
180 190
632 520
635 434
25 809
303 458
376 434
589 505
110 32
99 12
726 291
37 510
86 141
100 411
683 33
365 179
288 190
326 481
51 816
27 152
182 68
133 34
116 181
453 3
9 108
15 581
18 23
239 401
413 194
845 99
597 102
433 784
106 7
130 391
246 195
210 204
504 470
182 464
647 712
85 83
522 534
153 544
44 226
108 230
183 217
566 624
470 536
107 207
830 546
410 159
396 94
554 562
11 2
157 9
73 498
394 630
96 14
151 212
271 180
673 454
216 156
204 157
240 385
205 495
642 365
11 21
66 389
477 451
416 290
312 119
136 62
309 265
118 628
505 477
779 771
433 283
272 317
6 159
360 303
825 424
260 135
366 372
576 134
163 172
623 16
351 76
3 20
53 240
335 663
278 711
492 473
839 521
590 422
102 91
97 107
708 304
758 144
88 314
199 111
32 41
228 395
175 161
603 120
339 270
114 620
8 10
613 723
417 469
399 180
406 601
377 85
829 619
294 497
170 58
233 776
739 380
793 215
171 17
550 473
427 417
10 26
220 261
517 137
628 670
27 114
174 191
342 378
352 14
535 507
156 367
844 745
11 63
126 237
110 284
780 710
510 531
364 188
335 567
709 409
287 307
115 511
549 335
672 785
49 41
51 457
389 431
672 481
87 5
120 134
82 71
245 198
702 448
212 356
85 583
675 345
146 348
608 455
459 1
325 300
161 90
90 145
580 633
557 714
270 130
308 272
794 674
215 6
311 800
556 357
454 687
89 118
86 432
2 15
105 425
61 45
185 188
44 52
422 652
449 533
10 48
525 19
187 231
763 187
292 180
16 97
13 17
303 320
156 407
422 57
84 10
545 187
70 264
831 139
236 215
228 609
78 28
58 89
81 327
328 260
625 57
334 32
336 254
59 19
121 522
691 173
97 543
119 202
1 2
249 361
563 218
751 661
2 12
149 28
2 275
418 164
457 782
791 730
439 171
73 116
250 58
575 669
234 521
302 304
16 333
255 450
247 183
218 38
68 71
178 119
500 67
172 229
50 262
149 232
66 128
645 509
167 568
380 163
692 535
788 331
546 361
48 313
248 193
97 405
282 229
200 383
569 405
19 165
54 596
220 144
454 19
3 571
647 743
734 343
157 524
18 487
213 6
78 177
211 72
331 18
653 43
36 241
153 697
449 218
300 475
747 553
291 59
147 629
557 134
710 159
612 316
13 8
617 818
340 163
221 98
851 13
15 111
267 126
6 9
22 807
593 538
279 444
12 664
502 359
63 94
4 3
233 180
358 715
109 436
559 410
404 124
241 311
823 251
655 290
649 746
119 164
52 112
219 279
275 797
45 32
112 316
768 303
658 575
160 59
113 75
287 694
79 408
86 150
383 437
185 60
646 101
473 28
206 494
424 526
249 693
393 351
390 180
421 3
185 765
699 685
65 493
120 132
282 798
128 144
232 488
131 21
558 184
128 155
805 609
363 716
302 134
30 3
467 339
538 140
344 665
387 1
611 405
101 806
574 223
499 542
3 179
90 100
84 234
198 25
156 293
424 51
91 369
506 772
120 639
668 159
448 66
577 345
81 305
323 228
43 101
837 103
6 19
102 548
129 135
21 224
231 756
781 585
560 95
120 88
359 236
741 476
400 850
133 290
449 826
187 85
158 582
253 376
786 219
222 163
5 176
131 140
53 10
449 721
350 319
328 347
275 817
605 142
459 659
300 206
187 573
337 325
121 147
202 242
17 278
121 22
233 738
326 744
409 240
682 267
586 430
429 507
379 138
29 55
75 43
13 382
490 667
764 751
43 255
622 497
277 156
269 17
292 501
283 243
285 249
295 279
257 96
588 215
684 221
231 381
205 349
836 831
14 38
144 423
109 162
838 137
631 783
555 832
34 46
353 56
638 176
313 355
369 415
1 29
40 7
233 435
117 253
508 515
244 730
822 488
61 98
178 722
678 674
117 40
88 73
585 197
238 197
705 191
31 8
10 268
241 662
146 45
429 171
681 338
381 412
392 236
95 46
455 160
461 188
377 452
555 654
723 796
133 530
94 126
66 40
14 209
128 752
598 803
298 116
239 33
292 443
676 122
703 68
698 478
38 51
346 254
462 268
346 388
824 82
146 578
273 213
518 356
814 545
561 40
2 3
150 244
65 51
87 109
330 65
62 53
256 280
7 499
802 696
649 588
129 21
833 770
815 757
615 195
419 133
102 736
593 842
74 63
109 158
73 40
820 11
168 466
31 67
365 406
618 312
619 164
242 480
124 168
529 651
211 358
501 595
166 102
299 707
401 753
194 252
54 11
99 463
189 490
426 484
541 436
641 243
759 650
660 97
849 674
513 466
592 546
354 686
554 414
157 599
724 325
69 306
53 69
125 93
420 3
