500 500
500
3 271
463 409
147 176
120 80
475 190
56 246
78 86
434 291
146 239
283 179
133 499
118 487
371 141
348 333
412 499
147 328
59 480
323 111
285 161
291 338
349 13
436 51
152 172
455 104
343 263
186 370
472 51
314 214
474 148
180 56
218 8
56 280
276 196
477 282
446 149
248 155
222 328
326 213
390 222
204 479
66 259
57 332
50 139
319 170
381 381
117 310
52 358
80 222
249 87
474 469
428 20
280 498
338 194
312 305
287 443
185 128
307 489
340 489
353 228
175 143
131 226
293 293
335 322
450 114
477 446
45 90
301 293
201 189
133 111
465 76
188 96
405 263
102 65
354 158
161 164
351 367
255 276
229 495
212 425
474 162
299 461
241 126
428 426
425 15
437 55
452 113
45 466
4 181
266 253
324 75
50 311
255 331
449 497
337 42
403 89
291 92
206 480
170 257
177 174
73 313
342 94
287 354
341 158
405 265
437 48
29 35
88 267
146 202
7 46
147 365
102 403
407 229
312 155
189 163
77 282
462 373
365 318
474 258
479 458
359 111
59 42
12 43
12 348
434 436
325 232
87 239
488 398
140 385
31 306
154 448
30 477
219 260
466 28
461 473
54 154
68 443
227 432
274 53
419 485
268 180
29 317
200 279
64 312
445 150
218 181
413 103
116 214
155 120
243 66
202 58
495 261
136 79
410 47
23 179
82 470
31 40
499 294
270 30
27 88
128 269
236 57
100 90
242 221
17 342
6 280
92 185
197 253
168 132
363 490
461 378
330 440
499 185
279 481
265 456
185 279
492 59
152 318
320 499
234 38
259 368
386 408
176 433
3 433
10 358
41 361
153 300
66 448
415 89
110 340
451 89
443 283
371 347
398 326
378 396
495 497
75 235
490 280
221 276
11 489
137 263
28 338
115 124
103 364
484 271
130 119
311 15
335 50
351 299
41 14
484 371
79 57
42 13
483 478
99 230
431 36
306 328
145 498
182 340
215 179
280 483
363 366
476 69
346 184
259 34
190 53
264 460
220 445
386 30
487 184
351 411
245 255
355 403
306 85
112 177
131 2
135 45
160 77
50 199
241 462
405 494
144 38
347 347
443 302
156 490
231 248
433 56
197 47
177 89
489 245
378 82
74 159
382 207
194 254
500 30
205 284
376 399
54 319
477 497
43 42
375 421
354 31
103 411
172 294
271 42
10 18
152 440
479 183
105 289
187 14
261 454
442 86
110 422
14 64
372 485
362 2
68 19
86 495
479 150
440 152
120 429
491 133
52 130
72 395
205 474
393 439
124 2
391 382
186 235
8 218
52 333
301 313
448 423
342 18
220 153
17 337
89 93
135 367
398 182
282 286
416 219
53 154
384 463
425 111
190 132
212 263
62 241
320 329
308 393
39 360
187 311
283 321
319 489
281 12
373 67
290 129
325 224
426 58
28 199
492 438
197 3
104 386
216 252
93 245
321 8
50 136
396 412
250 309
98 83
103 26
180 451
110 4
34 245
500 120
107 182
450 89
1 299
304 71
317 91
178 332
36 113
390 405
80 98
226 23
403 417
112 146
162 305
446 162
363 35
464 375
465 127
16 449
302 159
95 322
57 454
81 193
249 141
77 359
149 106
351 279
500 229
132 139
47 44
37 95
475 20
415 7
492 389
446 369
390 66
283 158
427 38
492 6
188 35
94 371
94 493
404 356
93 113
317 71
266 177
43 130
42 405
222 197
11 165
300 83
84 480
463 477
144 26
364 48
345 136
290 110
436 451
214 45
416 212
453 177
13 228
93 74
70 416
308 316
132 121
63 244
320 467
491 112
134 452
230 333
211 368
295 269
207 141
120 45
110 231
366 77
410 325
195 423
210 373
18 404
38 100
132 305
368 323
82 315
14 461
247 366
292 172
73 497
294 485
455 355
97 267
496 332
447 306
176 388
407 28
16 188
461 413
314 499
125 188
298 478
384 303
52 90
154 279
190 52
277 28
153 486
2 458
344 461
317 195
150 425
340 395
330 56
348 219
463 196
101 65
362 61
58 6
437 248
333 54
80 144
437 470
194 392
389 492
51 305
458 277
77 50
3 240
414 210
241 78
60 297
117 296
441 391
192 326
406 402
52 72
30 420
373 307
479 11
255 381
210 233
266 201
167 381
89 118
303 269
303 204
257 311
28 360
158 81
312 152
71 445
342 32
81 100
27 299
287 70
393 379
233 479
41 329
239 82
469 20
189 50
465 320
265 79
498 295
405 453
389 283
256 291
62 390
